start_time,end_time,lyric,duration,member
"00:00:14,020","00:00:18,040","Now, the clouds in the sky are tropical yeah.",4.02,
"00:00:18,040","00:00:21,620","Your cheeks and the sun match, red.",3.58,
"00:00:21,620","00:00:25,080","Oh, tell me I'm the only one baby",3.46,
"00:00:25,080","00:00:29,220","I fancy you, I fancy you. (TWICE!)",4.14,
"00:00:29,220","00:00:32,720",It's dangerous it pricks you like a rose.,3.5,
"00:00:32,720","00:00:36,120","It's okay, I'm not one bit afraid.",3.4,
"00:00:36,120","00:00:39,460","Hold it hard, take my hand.",3.34,
"00:00:39,460","00:00:43,660","It will be a bit dangerous, even more dangerous baby.",4.2,
"00:00:43,660","00:00:47,040",Sweet like chocolate ice cream,3.38,
"00:00:47,040","00:00:51,000","My feelings are melting, so lovely.",3.96,
"00:00:51,000","00:00:54,680",Shining so bright in this dark universe.,3.68,
"00:00:54,680","00:00:57,760","The star, the star, and your star right next to mine.",3.08,
"00:00:57,760","00:01:02,940","Only you, I fancy you. I don't want anyone else.",5.18,
"00:01:02,940","00:01:04,840",Hey I love you!,1.9,
"00:01:04,840","00:01:05,519",(LOVE YA!),0.679,
"00:01:05,519","00:01:09,980","Only you, I fancy you. We can be happy in our own dream.",4.461,
"00:01:09,980","00:01:12,300",'Cause I need you,2.32,
"00:01:12,540","00:01:12,900",(What?),0.36,
"00:01:13,040","00:01:20,040",Fancy you~ Who cares who likes who first,7.0,
"00:01:20,040","00:01:26,160",Fancy you~  I will come to you first,6.12,
"00:01:26,160","00:01:27,680",Fancy (WOO!),1.52,
"00:01:27,720","00:01:30,640",Everyday without you I can't do anything,2.92,
"00:01:30,640","00:01:34,720","Oh my Mayday, It will become very serious",4.08,
"00:01:34,720","00:01:38,200","Bang bang, I am hypnotized, my minds reset",3.48,
"00:01:38,200","00:01:41,960","What should I do, don't know if it is right S.O.S",3.76,
"00:01:41,960","00:01:45,080",Swim swim I'll be the submarine and you will be the sea,3.12,
"00:01:45,080","00:01:49,040",Every birthday is sweet You are my fantasy,3.96,
"00:01:49,040","00:01:52,340",Dream dream It's like I'm in a dream someone pinch me,3.3,
"00:01:52,340","00:01:56,140","Nowadays, my status is la la la baby",3.8,
"00:01:56,140","00:01:59,660",Sweet like chocolate ice cream.,3.52,
"00:01:59,660","00:02:03,780","My feelings are melting for you, so lovely.",4.12,
"00:02:03,780","00:02:07,380",Shining so bright in this dark universe,3.6,
"00:02:07,380","00:02:10,520","The star, the star and yours right next to mine.",3.14,
"00:02:10,520","00:02:15,160","Only you, I fancy you. No I don't want anyone else.",4.64,
"00:02:15,160","00:02:17,380",Hey I love you,2.22,
"00:02:17,400","00:02:17,900",Love ya,0.5,
"00:02:17,900","00:02:22,580","Yes only you, I fancy you. We can live a dream",4.68,
"00:02:22,600","00:02:24,900",Cause I need you,2.3,
"00:02:24,900","00:02:25,520",(What?),0.62,
"00:02:25,520","00:02:32,720",Fancy you~ who cares who likes who first,7.2,
"00:02:32,720","00:02:38,600",Fancy you~ I will come to you first,5.88,
"00:02:38,760","00:02:40,220",Fancy (WOO!),1.46,
"00:02:40,320","00:02:43,440",Will it suddenly disappear like smoke?,3.12,
"00:02:43,440","00:02:47,260","Always full of it, I take you in my eyes.",3.82,
"00:02:47,260","00:02:50,400",I become cozy by just thinking of you,3.14,
"00:02:50,400","00:02:56,080",I will secretly hold you from behind and never let go,5.68,
"00:02:56,080","00:03:01,160","Only you, I fancy you. No I don't want anyone else.",5.08,
"00:03:01,200","00:03:02,760",Hey I love you!,1.56,
"00:03:02,760","00:03:03,260",Love ya!,0.5,
"00:03:03,280","00:03:08,260",Yes only you I fancy you. We can live a dream,4.98,
"00:03:08,260","00:03:10,220",Cause I need you,1.96,
"00:03:10,780","00:03:11,280",What?,0.5,
"00:03:11,280","00:03:18,240",Fancy you~ who cares who likes who first,6.96,
"00:03:18,240","00:03:23,920",Fancy you~ I will come to you first,5.68,
"00:03:23,920","00:03:25,740","Fancy, (WOO)",1.82,
"00:03:25,980","00:03:26,840",English Subtitles by Rebecca Kathryn,0.86,
